Sign_25: [3.04600086, 7.08642639, 13.4222, 12.60691282, 15.65355977, -15.70992271, -15.65355977]
Sign_50: [3.02784915, 6.96994317, 12.75525769,  12.55440859, -15.65355977, -15.88239599, -15.65355977]
Sign_75: [3.05714922, 7.04680895, 12.61932857, 12.16096353, 15.65355977, 15.3686927, 15.65355977]
Sign_100: [3.03255891, 7.20946157, 13.25299799, 11.89939114, -15.65355978, 15.4171806, 15.65355977]
Sign_Stop: [3.05049962, 7.25392119, 12.24751262, 12.07868698, 15.65355977, -16.5409891, -15.65355977]
Sign_Turn_Left: [2.94289893, 6.79208571, 10.86625692,  10.51829825, 15.65355864, 13.94167903, 15.65355937]
Sign_Turn_Right: [2.94318227, 6.80660672, 11.08200413, 10.75829547, 15.6535594, 14.17011351, -15.65355993]
